32930405
351742100025602
351742100027236
351742100041245
.................................
0-1220500
0-1222785
011892000527777
1192
2131026229
2131026250
22201655
22204810
233EXPERT1
2349393
292705
2943
3001
3027
3084
351510090196265
351510090842082
351742100025057
351742100027301
351742100027822
351742100030008
351742100031329
351742100035221
351742100035395
351742100035791
351742100036310
351742100040148
351742100041914
351742100042037
351742100042169
351742100042219
351742100042235
351742100042912
351742100043084
351742100043126
351742100044686
351742100044736
351742100105172
351742100105347
351742100106501
351742100106675
351742100106717
351742100106733
351742100106915
351742100107038
351742100107061
351742100107079
351742100107129
351742100107145
351742100107681
351742100108333
351742100108614
351742100108713
351742100111311
351742100111402
351742100112053
351742100115015
351742100115056
351742100115379
351742100115395
351742100115551
351742100115981
351742100117003
351742100117078
351742100117102
351742100117136
351742100117540
351742100117581
351742100118175
351742100118472
351742100118704
351742100119041
351742100119181
351742100119371
351742100119413
351742100120312
351742100120379
351742100120411
351742100120452
351742100121088
351742100123688
351742100124033
351742100124074
351742100124397
351742100124488
351742100124926
351742100125014
351742100125287
351742100126921
351742100126996
351742100127010
351742100127309
351742100127507
351742100128133
351742100128182
351742100129149
351742100129420
351742100129842
351742100130436
351742100130477
351742100130485
351742100130501
351742100130642
351742100130782
351742100131087
351742100131186
351742100131194
351742100131236
351742100131368
351742100131384
351742100131418
351742100131459
351742100131707
351742100131731
351742100131772
351742100131921
351742100132085
351742100132291
351742100132317
351742100132846
351742100133059
351742100133109
351742100133299
351742100133471
351742100134339
351742100134388
351742100427063
351742100427105
351742100427337
351742100427477
351742100427824
351742100428202
351742100428277
351742100428582
351742100428590
351742100428608
351742100428616
351742100429002
351742100429101
351742100429150
351742100429176
351742100429184
351742100429259
351742100429390
351742100429416
351742100429622
351742100429796
351742100430034
351742100430208
351742100430497
351742100431016
351742100431685
351742100431891
351742100431974
351742100432071
351742100433798
351742100433897
351742100434093
351742100434242
351742100434374
351742100434457
351742100434945
351742100435413
351742100435819
351742100436049
351742100436072
351742100436361
351742100436460
351742100436981
351742100437393
351742100437484
351742100437575
351742100437724
351742100437799
351742100437831
351742100438391
351742100438474
351742100438805
351742100440165
351742100440843
351742100440983
351742100441015
351742100441056
351742100441296
351742100441353
351742100441585
351742100441726
351742100442161
351742100442310
351742100442385
351742100442435
351742100442484
351742100442799
351742100442856
351742100442930
351742100444159
351742100445966
351742100446725
351742100660192
351742100661331
351742100661711
351742100667411
351742100669151
351742100669185
351742100669458
351742100669508
351742100669540
351742100669557
351742100669664
351742100669698
351742100669722
351742100669854
351742100669870
351742100669920
351742100670027
351742100670431
351742100672783
351742100672882
351742100672973
351742100672981
351742100673047
351742100673484
351742100673658
351742100673724
351742100675380
351742100676024
351742100676875
351742100676917
351742100677170
351742100677923
351742100678475
351742100678491
351742100679366
351742100679572
351742100679796
351742100680844
351742100681420
351742100682139
351742100683103
351742100683558
351742100684085
351777090610070
351777090611433
351777091052801
351777091052876
351777091054567
351777091058378
351777091058477
352056090267648
352056090412335
352056090412707
352056090416088
352056090416104
352056090416179
352056090416260
352056090416278
352056090417409
352056090420411
352056090421468
352056090421617
352056090439726
352093081076688
352093081204538
352093081207432
352093081207473
352093081436825
352093081440280
352093081586272
352093081594268
352093081597451
352093081838152
352093084051639
352093084053544
352093084059772
352093084237394
352093084374445
352093084377919
352093084378180
352093084387223
352093084387595
352093084387652
352093084387728
352093084397800
352093084397966
352093084417624
352093084801611
352093084801702
352093084804284
352093084805430
352093084828838
352093084872570
352093084874576
352093084992931
352093084995900
352093084996114
352093085006418
352093085028404
352093085880903
352093085902228
352093085909165
352093085919313
352093086074126
352093088606602
352093088606636
352093089684038
352094080029082
352094080029736
352094080032755
352094080034843
352094080037135
352094080037515
352094081907658
352094082432144
352094082570695
352094082599058
352094082604627
352094082624476
352094082634160
352094082634251
352094082696847
352094082739019
352094083040979
352094083129590
352094083129715
352094083213444
352094083242849
352094083258837
352094083278892
352094083335031
352094083501756
352094083501996
352094083502531
352094083502671
352094083503570
352094083504032
352094083504396
352094083506680
352094083507134
352094083535523
352094083538949
352094083621000
352094083624137
352094083796034
352094083879079
352094083882396
352094083882412
352094083882552
352094084001483
352094084009577
352094084010112
352094084010344
352094084012357
352094084014635
352094084016564
352094084016606
352094084017513
352094084018180
352094084018305
352094084054581
352094084226619
352094084226825
352094084243804
352094084252540
352094084254678
352094084255154
352094084255766
352094084255808
352094084302782
352094084302816
352094084335592
352094084335774
352094084335832
352094084336020
352094084366134
352094084366191
352094084366449
352094084366712
352094084366779
352094084366860
352094084366928
352094084366977
352094084367074
352094084368007
352094084368098
352094084368189
352094084368213
352094084390811
352094084423323
352094084433140
352094084448809
352094084600847
352094084672010
352094084791133
352094084791588
352094084792339
352094084793261
352094085612544
352094085807698
352094085823299
352094085829221
352094085917794
352094085919352
352094085923107
352094086064133
352094086065361
352094086066088
352094086068217
352094086068878
352094086071062
352094086071369
352094086072292
352094086072862
352094086075865
352094086075899
352094086076251
352094086078562
352094086088132
352094086088587
352094086089122
352094086089452
352094086102446
352094086113427
352094086113575
352094086135685
352094086138648
352094086203889
352094086216188
352094086219844
352094086220024
352094086228993
352094086229058
352094086261689
352094086262133
352094086262315
352094086280622
352094086280804
352094086281018
352094086281224
352094086281315
352094086309488
352094086310262
352094086319628
352094086319867
352094086323190
352094086331599
352094086332209
352094086332258
352094086341770
352094086344048
352094086344220
352094086344253
352094086344402
352094086496434
352094086497127
352094086521835
352094086710909
352094086712855
352094086716815
352094086721252
352094086722995
352094086723688
352094086725428
352094086862395
352094086873806
352094086878334
352094086888168
352094086891527
352094086891675
352094086891766
352094086901151
352094086901185
352094086901722
352094086901995
352094086904247
352094086906374
352094086906796
352094086907992
352094086908537
352094086908891
352094086915763
352094086927164
352094086927313
352094086927495
352094086927701
352094086939920
352094086950935
352094087023419
352094087194673
352094087229982
352094087549926
352094087709124
352094087714108
352094087762404
352094087932569
352094087943202
352094087967904
352094088056947
352094088251878
352094088254252
352094088255002
352094088364770
352094088440505
352094088576050
352094089458159
352094089559352
352094089614959
352353080934604
353549090734509
353549090945501
353549090947408
353549090949602
353549090949859
353549090949925
353549090953844
353549090953919
353549090954461
353549090954537
353549090954610
353549091084912
353549091089135
353549091089804
353549091090547
353549091091958
353549091093210
353549091095462
353549091097344
353549091099712
353549091100239
353549091102599
353549091104488
353549091303049
353549091305218
353549091305580
353760100004508
355255040619810
355255040620818
355255040623465
355255040623804
355255040623838
355255040633373
355255040633639
355255040634140
355255040634827
355255040637192
355255040637663
355255040638331
355255040638794
355255040639503
355255040643976
355255040648124
355255040660590
355255040667009
355255040667751
355255040667801
355255040669153
355255040669500
355255040669534
355255040672843
355255040704422
355255040704844
355255040704901
355255040711153
355255040712524
355255040718075
355255040965387
355255040965924
355255040971286
355255040976871
355255040977028
355255040978216
355255040983182
355255040983695
355255040984123
355255040988405
355255040989791
355255040993736
355255040994304
355255041077422
355255041193278
355255041230310
355255041230393
355255041230930
355255041230989
355255041232308
355255041388209
355255041390346
355255041395188
355255041398760
355255041399636
355255041399727
355255041700189
355255041702649
355255041704868
355255041709248
355255041720872
355255041721177
355255041722019
355255041722050
355255041723298
355255041736332
355255041742421
355255041743536
355255041802589
355255041803223
355255041810434
355255041812141
355255041812265
355255041814352
355255041819922
355255042044363
355255042045287
355255042057654
355255042060294
355255042060393
355255042065046
355255042065251
355255042065368
355255042067521
355255042068362
355255042069568
355255042069584
355255042069618
355255042070152
355255042072448
356612022407037
356612022409561
357464030019837
357464030044173
357464030070533
357464030091216
357464030091273
357464030091851
357464030105669
357464030105750
357464030105800
357464030105909
357464030106642
357464030106733
357464030107525
357464030107814
357464030107863
357464030107970
357464030107988
357464030108069
357464030108077
357464030108390
357464030109943
357464030117565
357464030120304
357464030120338
357464030120379
357464030120411
357464030120494
357464030120502
357464030120916
357464030121211
357464030123274
357464030123670
357464030123951
357464030124868
357464030124918
357464030125014
357464030125204
357464030125444
357464030126418
357464030127978
357464030128059
357464030128166
357464030128406
357464030128570
357464030128927
357464030129198
357464030129354
357464030131095
357464030131103
357464030131384
357464030133604
357464030133778
357464030133976
357464030134255
357464030134446
357464030134552
357464030134933
357464030135716
357464030137373
357464030138421
357464030138850
357464030139148
357464030139452
357464030139726
357464030139767
357464030139783
357464030140674
357464030141193
357464030144643
357464030144957
357464030145046
357464030145871
357464030145954
357464030146002
357464030146622
357464030146630
357464030148644
357464030148768
357464030148941
357464030150848
357464030150939
357464030159542
357464030159864
357464030160482
357464030163205
357464030164583
357464030165085
357464030165119
357464030165234
357464030166059
357464030171869
357464030172008
357464030172974
357464030173055
357464030173113
357464030173154
357464030173188
357464030173220
357464030173378
357464030173402
357464030173576
357464030173584
357464030173592
357464030173600
357464030173667
357464030173675
357464030173717
357464030173840
357464030173857
357464030173865
357464030174244
357464030174459
357464030174731
357464030175514
357464030175795
357464030175928
357464030176025
357464030176058
357464030177734
357464030177817
357464030177825
357464030178344
357464030180902
357464030181009
357464030181348
357464030181488
357464030182429
357464030183021
357464030183054
357464030183088
357464030183187
357464030183294
357464030183401
357464030183955
357464030184581
357464030184649
357464030187451
357464030187725
357464030189341
357464030191396
357464030192287
357464030196031
357464030202631
357464030209479
357464030216656
357464030217654
357464030511270
357464031615096
357464031623272
357464031623355
357464031624841
357464031629659
357464031637363
357464032162874
357464032163435
357464032166974
357464032167428
357464032167758
357464032167857
357464032169473
357464032169556
357464032169689
357464032169762
357464032170679
357464032170745
357464032174911
357464032176692
357464032176718
357464032176759
357464032176841
357464032176874
357464032177013
357464032177054
357464032177062
357464032177146
357464032177195
357464032177427
357464032179845
357464032179951
357464032182633
357464032182708
357464032186329
357464032188689
357464032190131
357464032190776
357464034448438
357464034448495
357464034448511
357464034448560
357464034448578
357464034448602
357464034450848
357464034456464
357464034457231
357464034457249
357464034457330
357464034457751
357464034457918
357464034457975
357464034458221
357464034458684
357464034458916
357464034460367
357464034461605
357464034461662
357464034461910
357464034462066
357464034462173
357464034462264
357464034462348
357464034462421
357464034462900
357464034463148
357464034463759
357464034463791
357464034463833
357464034463965
357464034474871
357464034482395
357464034493632
357464034493640
357464034496981
357464034497021
357464034498326
357464034498532
357464034498698
357464034498771
357464034498839
357464034498953
357464034499274
357464034499654
357464034499753
357464034501210
357464034501483
357464034521135
357464034523008
357464034523297
357464034525359
357464034527025
357464034528221
357464034528429
357464034528890
357464034528924
357464034529773
357464034529955
357464034532652
357464034532835
357464034532868
357464034532959
357464034533569
357464034534039
357464034534591
357464034534625
357464034534880
357464034536836
357464034538394
357464034543220
357464034741717
357464034746971
357464034746997
357464034747276
357464034748068
357464034748084
357464034749116
357464034749496
357464034750353
357464034777323
357464034777596
357464034777935
357464034778461
357464034778800
357464034779014
357464034779808
357464034780038
357464034780830
357464034780848
357464034780871
357464034780988
357464034781028
357464034781150
357464034781556
357464034781580
357464034782547
357464034783065
357464034783354
357464034783453
357464034783487
357464034783602
357464034785037
357464034786779
357464034787025
357464034787777
357464034788544
357464034788551
357464034788791
357464034788825
357464034788890
357464034788965
357464034789138
357464034789369
357464034789559
357464034789690
357464034789799
357464034790086
357464034790193
357464034790367
357464034790383
357464034790409
357464034791357
357464034792751
357464034792975
357464034793064
357464034793080
357464034851755
357464034851847
357464034851912
357464034851953
357464034851961
357464034852019
357464034852373
357464034911294
357464034911401
357464034911492
357464034911500
357464034925286
357464034926664
357464035066015
357464035066072
357464035067070
357464035067203
357464035067740
357464035067948
357464035068201
357464035068250
357464035068276
357464035068292
357464035068458
357464035068466
357464035068656
357464035069217
357464035069225
357464035070272
357464035070462
357464035070652
357464035070660
357464035070991
357464035071270
357464035071445
357464035072138
357464035072658
357464035072989
357464035073318
357464035073680
357464035073870
357464035074175
357464035074472
357464035074894
357464035075180
357464035075255
357464035075313
357464035075487
357464035075586
357464035075594
357464035075602
357464035075701
357464035075750
357464035075933
357464035076071
357464035076188
357464035076196
357464035076253
357464035076519
357464035076550
357464035076600
357464035077210
357464035077475
357464035077558
357464035077699
357464035078671
357464035079430
357464035079877
357464035080024
357464035080271
357464035080438
357464035080529
357464035080677
357464035081634
357464035081675
357464035082368
357464035082673
357464035082889
357464035082947
357464035083036
357464035083119
357464035083283
357464035083309
357464035083457
357464035083465
357464035083648
357464035083952
357464035084190
357464035084489
357464035084679
357464035085288
357464035087854
357464035087862
357464035089058
357464035089736
357464035090098
357464035092185
357464035092284
357464035092375
357464035092524
357464035093001
357464035093126
357464035093167
357464035093316
357464035093688
357464035093910
357464035094181
357464035095899
357464035096558
357464035097069
357464035097077
357464035097721
357464035097747
357464035098372
357464035098448
357464035098471
357464035100178
357464035100285
357464035102034
357464035119400
357464035119954
357464035120085
357464035120333
357464035121075
357464035122123
357464035123535
357464035123964
357464035124244
357464035124343
357464035124947
357464035125985
357464035126025
357464035126124
357464035333126
357464035333340
357464035333506
357464035333589
357464035333779
357464035333951
357464035334025
357464035334256
357464035334306
357464035334736
357464035334850
357464035334983
357464035335303
357464035336483
357464035337226
357464035337473
357464035337812
357464035337986
357464035338265
357464035338364
357464035340162
357464035340261
357464035340402
357464035340584
357464035341178
357464035341251
357464035341293
357464035341574
357464035341582
357464035341657
357464035341681
357464035341715
357464035341863
357464035342416
357464035342796
357464035342812
357464035343455
357464035343521
357464035344016
357464035344149
357464035344206
357464035344800
357464035345237
357464035345419
357464035345468
357464035345732
357464035346227
357464035346490
357464035346565
357464035346573
357464035346771
357464035347043
357464035347217
357464035347506
357464035347548
357464035347563
357464035348322
357464035348645
357464035348892
357464035349148
357464035349346
357464035349916
357464035350336
357464035350393
357464035350732
357464035350757
357464035350823
357464035350864
357464035351136
357464035351466
357464035351508
357464035351680
357464035352316
357464035354130
357464035354270
357464035354577
357464035360848
357464035361093
357464035361119
357464035362190
357464035362372
357464035362471
357464035486304
357464035486361
357464035490066
357464035558409
357464035558755
357464035562633
357464035563110
357464035563250
357464035563276
357464035563516
357464035563763
357464035563813
357464035564514
357464035564522
357464035564605
357464035566527
357464035566626
357464035566881bb
357464035567061
357464035567582
357464035567681
357464035567780
357464035569232
357464035569356
357464035653325
357464035654141
357464035654786
357464035655312
357464035655411
357464035655585
357464035655635
357464035655650
357464035655874
357464035655932
357464035657144
357464035657359
357464035657722
357464035659413
357464035660098
357464035660148
357464035661716
357464035663118
357464035664652
357464035665154
357464035666244
357464035666251
357464035669388
357464035669511
357464035669636
357464035669784
357464035669826
357464035669990
357464035670469
357464035670766
357464035671004
357464035671376
357464035671822
357464035671921
357464035672499
357464035672564
357464035672747
357464035673091
357464035673208
357464035673273
357464035673646
357464035674792
357464035675807
357464035675997
357464035676128
357464035677019
357464035677621
357464035677852
357464035677977
357464035679452
357464035784138
357464035784229
357464035785093
357464035785101
357464035785143
357464035785770
357464035785861
357464035787214
357464035868824
357464035869293
357464035871711
357464035871901
357464036212840
357464036212907
357464036212964
357464036213129
357464036213228
357464036213459
357464036213491
357464036213640
357464036213665
357464036213673
357464036216247
357464036219324
357464036220470
357464036221056
357464036221064
357464036221437
357464036225651
357464036226410
357464036226824
357464036227475
357464036227483
357464036230180
357464036230362
357464036403035
357464036406236
357464036409636
357464036421979
357464036575642
357464036575873
357464036575881
357464036575899
357464036769351
357464036769369
357464036771126
357464036771522
357464036771548
357464036771639
357464036773536
357464036774542
357464036777768
357464036778758
357464036778980
357464036779186
357464036781703
357464036783196
357464038089246
357464038091333
357464038091473
357464038091572
357464038091630
357464038091739
357464038091887
357464038091895
357464038092083
357464038092653
357464038095268
357464038095409
357464038095565
357464038095813
357464038095896
357464038096654
357464038097199
357464038097215
357464038097363
357464038097371
357464038097827
357464038098262
357464038098379
357464038099765
357464038100142
357464038100449
357464038101264
357464038101355
357464038101363
357464038101439
357464038101462
357464038101728
357464038102643
357464038102700
357464038102718
357464038102726
357464038102791
357464038102817
357464038102833
357464038102858
357464038102882
357464038102932
357464038102940
357464038103096
357464038103146
357464038103252
357464038103880
357464038103906
357464038103997
357464038104060
357464038104094
357464038104383
357464038104524
357464038104748
357464038104805
357464038105000
357464038105414
357464038105612
357464038105786
357464038105828
357464038106719
357464038107188
357464038107584
357464038107725
357464038107766
357464038107972
357464038108095
357464038108400
357464038112188
357464038112279
357464038112386
357464038112444
357464038112485
357464038112675
357464038112816
357464038113145
357464038116171
357464038116254
357464038116262
357464038116379
357464038116809
357464038116924
357464038116999
357464038117617
357464038119415
357464038120439
357464038122385
357464038122393
357464038122419
357464038123375
357464038123839
357464038124217
357464038126311
357464038127889
357464038128028
357464038128093
357464038128598
357464038130198
357464038130370
357464038137094
357464038139181
357464038139207
357464038139751
357464038139785
357464038140015
357464038140023
357464038140049
357464038140155
357464038141138
357464038141195
357464038141674
357464038141997
357464038145022
357464038145048
357464038146020
357464038147754
357464038147788
357464038147846
357464038147879
357464038148497
357464038148901
357464038148943
357464038149164
357464038150048
357464038150469
357464038150568
357464038150600
357464038150675
357464038150717
357464038150790
357464038150881
357464038150907
357464038151459
357464038151830
357464038152010
357464038153125
357464038153471
357464038153505
357464038172794
357464038173032
357464038173628
357464038176530
357464038182504
357464038184377
357464038198724
357464038203250
357464038210818
357464038211204
357464038211238
357464038211600
357464038212509
357464038221435
357464038221468
357464038226558
357464038227242
357464038228323
357464038228364
357464038229321
357464038229420
357464038229438
357467030691695
357467030691794
357467030691935
357467030694467
357467030694517
357467030699078
357467030704720
357467030704787
357467030708762
357467030736508
357467030784565
357467030784573
357467030786222
357467030786263
357467030786297
357467030786636
357467030786701
357467030786750
357467030786776
357467030786784
357467030787345
357467030789226
357467030789234
358173052244376
358278002386464
358281005576321
358281005699115
358281005813930
358281005842483
358281005868231
358281005868603
358281005879097
358281005882828
358281005882893
358281005907047
358281005907088
358281005908979
358281005909548
358281005914183
35828100621
358281006218196
358281006218634
358281006218881
358281006218907
358281006222982
358281006229003
358281006276459
358281006327666
358281006330066
358281006395267
358281006435519
358281006436616
358281006436780
358281006439545
358281006439867
358281006440048
358281006440428
358281006440907
358281006446128
358281006446201
358281006463032
358281006536068
358281006536266
358281006536324
358281006960946
358281006963783
358281006969285
358281006991750
358281007030236
358281007083094
358281007083243
358281007084019
358281007085610
358281007089398
358281007092657
358281007101185
358281007537818
358281007583051
358281007734134
358281007789385
358281007796323
358281008222022
358281008222048
358281008231312
358281008231437
358281008250494
358281008250502
358281008250627
358281008251021
358281008251112
358281008251443
358281008251468
358281008251559
358281008251583
358281008252193
358281008253191
358281008253217
358281008253308
358281008253449
358281008253456
358281008254058
358281008254942
358281008255246
358281008255576
358281008261376
358281008262036
358281008262143
358281008306965
358281008314217
358480080582531
358480080655444
358480081611065
358480082501141
358480082501158
358480082501174
358480082501182
358480082501349
358480082702293
358480082702335
358480082702509
358480083039406
358480083051062
358480083063208
358480083078081
358480083082588
358480083085607
358480083086563
358480083123531
358480083258360
358480083258535
358480083258568
358480083287724
358480083332678
358480083332736
358480083333338
358480083333387
358480083341067
358480083634339
358480083634347
358480083634768
358480083634867
358480083635021
358480083737454
358480084105107
358480084182460
358480084182486
358480084204850
358480084348657
358480084350943
358480084577362
358480084750563
358480084903782
358480084908187
358480087909745
358480087927861
358480087945657
358480088805330
358480089049102
358480089422044
358480089712865
358480089844585
358480089847034
358480089848396
358480089849808
358480089849824
358480089850335
358480089858585
358735078010534
358735078010948
358735078020160
358735078039277
358735078040671
358735078041828
359231038722615
359464030342203
359632100483152
359632100499109
359632100511309
359632100641916
359632100644621
359632100647426
359632100689188
359632100756490
359632100759650
359632100775979
359632100798070
359632100816526
359632100823688
359632100865614
359632100866364
359632100876363
359632100897864
359632100900072
359632100903738
359632100904942
359632100913232
359632100996856
359632101005459
359632101015748
359632101029830
359632101049689
359632102523229
359632102523252
359632102523336
359632102523377
359632104012650
359632105090259
359632105176314
359632105176660
359632105717075
359632105908146
359632105922527
359632106156901
359632106174102
359632106174128
359632106174144
359632106174169
359632106947473
359632107006071
359632107475573
359632107477728
359632107483312
359632107591692
359632107591726
359632107591890
359632107597731
359632107612951
359632107620053
359632107627710
359632107631712
359632107634518
359632107636414
359632107643436
359632107644079
359632107645373
359632107668680
359632107671536
359632107674753
359632107674779
359632107688472
359632107688530
359632107688589
359632107691005
359632107694827
359632107695501
359632107699867
359632107701010
359632107702885
359632107702927
359632107703511
359632107708601
359632107710698
359632108321339
359632108323178
359632108534154
359632108536100
359632108536258
359632108544583
359632108544591
359632108544617
359632108632552
359632108694925
359632108694982
359632108694990
359632108695955
359632108696151
359632108941664
359632108942399
359632108942563
359632108948636
359632108972966
359632108974053
359632108974160
359633103854167
359633103854241
359633103854324
359633106020519
359633106020592
359633106024016
359633106071744
359633106078517
359633106080992
359633106082196
359633106082295
359633106082337
359633106083384
359633106083624
359633106132421
359633107045754
359633107045796
359633107057031
420281
470676
4720053722
7028
7648
860599001439660
860599001439884
860599001608652
860599001611094
860599001613926
860599001613975
860599001614411
860599001619022
860922040765145
860922040775052
860922040775110
860922040775383
860922040775540
860922040775599
860922040775672
860922040775680
860922040775698
860922040775789
860922040775821
860922040775847
860922040775953
860922040776035
860922040776043
860922040776118
860922040776142
860922040776183
860922040776258
860922040776282
860922040777124
860922040777140
860922040777165
860922040777504
860922040777801
860922040778189
860922040784906
860922040784914
860922040785879
860922040785978
860922040786166
860922040786596
860922040786604
860922040808044
860922040821658
860922040849337
860922040852240
860922040852646
860922040852976
860922040853008
860922040856514
860922040877544
860922040913984
860922040914123
860922040914404
860922040949616
860922040953345
860922040964821
860922040967568
860922040967584
860922040967592
860922040967600
860922040967618
860922040967634
860922040967642
860922040967667
860922040967675
860922040967683
860922040967709
860922040967717
860922040967725
860922040967733
860922040967758
860922040967766
860922040967774
860922040967782
860922040967808
860922040967816
860922040967824
860922040967832
860922040967840
860922040967899
860922040967907
860922040970729
860922040970778
860922040970836
860922040971057
860922040971073
860922040971081
860922040971131
860922040971149
860922040971156
860922040971180
860922040971198
860922040971206
860922040971230
860922040971248
860922040971271
860922040971305
860922040971347
860922040971362
860922040971370
860922040971412
860922040974267
860922040974309
860922040974358
860922040974416
860922040974507
860922040974556
860922040984019
860922040984225
860922040984860
860922040985008
860922040985347
860922041005939
860922041008701
860922041008719
860922041013602
860922041024971
860922041068374
860922041074851
860922041089883
861074023135059
861074023135463
861074023135513
861074023136016
861074023136115
861074023136164
861074023136313
861074023136321
861074023136404
861074023136487
861074023136685
861074023136701
861074023136842
861074023136982
861074023137022
861074023137055
861074023137139
861074023137147
861074023137238
861074023137261
861074023137287
861074023137352
861074023137527
861074023137543
861074023137618
861074023137642
861074023137667
861074023137709
861074023137758
861074023138038
861074023138053
861074023138145
861074023138269
861074023138285
861074023138566
861074023138582
861074023138707
861074023138715
861074023138723
861074023138848
861074023138970
861074023138988
861074023139010
861074023139085
861074023139184
861074023139317
861074023139382
861074023139432
861074023139655
861074023139713
861074023139721
861074023139747
861074023139879
861074023139903
861074023140141
861074023140190
861074023140323
861074023140497
861074023140646
861074023141362
861074023141610
861074023808788
861074023808937
861074023808994
861074023809059
861074023809240
861074023809596
861074023809695
861074023809893
861074023810008
861074023817045
861074023817078
861074023822185
861074023823258
861074023823340
861074023823688
861074023824413
861074023824595
861074023824637
861074023824702
861074023824975
861074023825139
861074023825162
861074023825410
861074023825527
861074023825683
861074023825758
861074023826129
861074023827051
861074023827689
861074023827770
861074023827812
861074023827838
861074023827879
861074023827945
861074023828075
861074023828141
861074023828273
861074023828364
861074023828380
861074023828521
861074023828620
861074023828646
861074023828950
861074023829024
861074023829081
861074023829123
861074023829149
861074023833448
861074023833463
861074023833539
861074023833976
861074023833992
861074023834008
861074023834016
861074023835039
861074023835187
861074024054655
861074024057534
861074024057856
861074024058078
861074024058128
861074024058284
861074024058318
861074024059266
861074024059274
861074024059464
861074024059472
861074024059597
861074024059720
861074024059811
861074024059860
861074024059894
861074024060504
861074024060561
861074024060611
861074024060918
861074024060967
861074024061262
861074024061346
861074024064936
861074024067160
861074024067277
861074024067350
861074024067376
861074024068267
861074024068275
861074024068416
861074024069307
861074024069489
861074024069596
861074024069646
861074024069752
861074024069968
861074024070008
861074024082847
861074024083290
861074024083605
861074024083670
861074024083894
861074024085212
861074024085535
861074024085543
861074024085600
861074024085774
861074024086780
861074024086798
861074024086939
861074024087044
861074024087143
861074024087317
861074024089925
861230044930817
861230044934678
861230044934702
861230044935790
861230044938059
861230044938067
861230044950278
861230044950419
861230044950948
861230044952894
861230044989920
861230044989938
861230044990845
861230044992395
861230044998111
861230045006179
861230045017093
861230045017564
861230045017598
861230045017861
861230045017887
861230045021723
861230045021889
861230045021905
861230045022127
861230045022796
861230045022911
861230045022929
861230045023224
861230045023240
861230045023349
861230045023364
861230045023380
861230045023406
861230045023414
861230045023562
861230045023745
861230045023877
861230045024024
861230045024081
861230045024164
861230045024297
861230045024438
861230045024479
861230045024701
861230045024743
861230045026961
861230045027035
861230045027480
861230045027753
861230045028512
861230045028520
861230045028538
861230045028546
861230045032654
861230045032688
861230045032787
861230045032829
861230045032928
861230045033124
861230045033165
861230045034023
861230045034965
861230045035012
861230045035046
861230045035095
861230045035103
861230045036507
861230045036580
861230045036838
861230045036887
861230045036911
861230045036937
861230045038024
861230045038271
861230045038339
861230045038362
861230045038388
861230045038479
861230045038495
861230045038503
861230045038529
861230045038560
861230045038594
861230045038636
861230045038669
861230045038701
861230045039956
861230045039972
861230045040137
861230045040152
861230045040160
861230045040210
861230045040228
861230045040236
861230045040806
861230045040830
861230045041952
861230045044212
861230045044246
861230045044360
861230045044378
861230045044485
861230045044873
861230045044899
861230045044915
861230045045367
861230045045516
861230045045607
861230045045680
861230045045714
861230045045755
861230045045888
861230045045920
861230045045987
861230045046613
861230045046753
861230045046845
861230045046951
861230045046985
861230045047025
861230045047090
861230045047264
861230045047348
861230045047470
861230045047561
861230045047637
861230045047645
861230045047686
861230045047744
861230045047769
861230045047777
861230048700562
862057043796579
862057043796710
862057043797007
862057043797346
862057043797403
862057043797452
862057043797502
862057043797510
862057043832150
862057043832515
862057043832531
862057043869103
862057043869111
862057043870127
862057043870135
862057043870481
862057043871893
862057043884185
862057043884193
862057043886172
862170010884284
862170010897872
862170013897382
862170013940786
862170013957426
862170013959117
862170013973795
862170014689366
862170014691024
862170014691529
862170014692527
862170014693137
862170014693236
862170014702623E
862170014704272
862170014704694
862193020011425
862193020012100
862193020012639
862193020013207
862193020014270
862193020014528
862193020014627
862193020014643
862193020014809
862193020015087
862193020015319
862193020015848
862193020016010
862193020016986
862193020076691
862193020076899
862193020077087
862193020077145
862193020077418
862193020078069
862193020078127
862193020078317
862193020078374
862193020078515
862193020079141
862193020079166
862193020079190
862193020079216
862193020079356
862193020079406
862193020079497
862193020079505
862193020079521
862193020079539
862193020079596
862193020079653
862193020079695
862193020079729
862193020080172
862193020080388
862193020080412
862193020080438
862193020080529
862193020080578
862193020080594
862193020080636
862193020080651
862193020080685
862193020080727
862193020091070
862193020092268
862193020092284
862193020092292
862193020092334
862193020092409
862193020092508
862193020092755
862193020093076
862193020093324
862193020093548
862193020093555
862193020093597
862193020093613
862193020093712
862193020093720
862193020093738
862193020093746
862193020093928
862193020093985
862193020094082
862193020094108
862193020094231
862193020094256
862193020094397
862193020094462
862193020094470
862193020094710
862193020094769
862193020094835
862193020094926
862193020095089
862193020095121
862193020095154
862193020095444
862193020095501
862193020095543
862193020095584
862193020095659
862193020095667
862193020095766
862193020095824
862193020095923
862193020095931
862193020096020
862193020096277
862193020096434
862193020275293
862193020275509
862193020275525
862193020275574
862193020275699
862193020275707
862193020275764
862193020275905
862193020275913
862193020276044
862193020276119
862193020276184
862193020276200
862193020276317
862193020276366
862193020276705
862193020276762
862193020276879
862193020276986
862193020277174
862193020277273
862193020277315
862193020277331
862193020277349
862193020277570
862193020277588
862193020277919
862193020277992
862193020278602
862193020278735
862193020279378
862193020279972
862193020280012
862193020280020
862193020280087
862193020280301
862193020280350
862193020280368
862193020280459
862193020280830
862193020281440
862193020281457
862193020281614
862193020282315
862193020282430
862193020282604
862193020283099
862193020283891
862193020284360
862193020284410
862193020284527
862193020284725
862193020285300
862193020542635
862193020542924
862193020555728
862193020555736
862193020559217
862193020559274
862193020559316
862193020559449
862193020559647
862193020559654
862193020559712
862193020559803
862193020559910
862193020559977
862193020560116
862193020560181
862193020560199
862193020560298
862193020560322
862193020560389
862193020560579
862193020560645
862193020560652
862193020560686
862193020560744
862193020561106
862193020561155
862193020561205
862193020561270
862193020561577
862193020561759
862193020561767
862193020561908
862193020561924
862193020562567
862193020562575
862193020562724
862193020562765
862193020563094
862193020563201
862193020563375
862193020563821
862193020563912
862193020564134
862193020564332
862193020565115
862193020565230
862193020565693
862193020565891
862193020565966
862193020566311
862193020566923
862193020568051
862193020572863
862193020577771
862193020578118
862193020578308
862193020578316
862193020578332
862193020578340
862193020684353
862193020684395
862193020684445
862193020684759
862193020684924
862193020686275
862193020689253
862193020689394
862193020690947
862193020702601
862193020703674
862193020704862
862193020705208
862193020706347
862193020706396
862193020707097
862193020708129
862193020708236
862193020708426
862193020709226
862193021120977
862193021121033
862193021122072
862193021123609
862193021125463
862193021127006
862193021127444
862193021127469
862193021128798
862193021129382
862193021129630
862193021129663
862193021130158
862193021130497
862193021131628
862193021131727
862193021131792
862193021132147
862193021132279
862193021132535
862193021133343
862193021135215
862193021135827
862193021136908
862193021137146
862193021137559
862193021146667
862193021147772
862193021151535
862193021154463
862193021158373
862193021160270
862193021161054
862193021161898
862193021161963
862193021162466
862193021163589
862193021164595
862193021168356
862193021168976
862193021170295
862193021434584
862193021435920
862193022075931
862193022076004
862193022076400
862193022076426
862193022077077
862193022078083
862193022078174
862193022078240
862193022078661
862193022079123
862193022079966
862193022080113
862193022080758
862193022081244
862193022082317
862193022083463
862193022083695
862193022083984
862193022084107
862193026502765
862193026502864
862193026503441
862193026503482
862193026504035
862193026504183
862193026504233
862193026504274
862193026504282
862193026505230
862365030025963
862365030027118
862365030032449
862365030032555
862366030015210
862366030015939
862366030016143
862366030016630
862366030016820
862366030017703
862366030019170
862366030019386
862366030020715
862366030024105
862371030027348
862371030029484
862371030035531
862371030037602
862462035905453
862462039080881
862462039118467
862462039118483
862462039118533
862462039118574
862462039118582
862462039118798
862462039128367
862462039128441
862462039129027
862462039129357
862462039129852
862462039131718
862462039133151
862462039146799
862462039153654
862462039158760
862462039158950
862462039160865
862462039165617
862462039173256
862462039173264
862462039173355
862462039173405
862462039182679
862462039183198
862462039183511
862462039183610
862462039184642
862462039184675
862462039184691
862462039184766
862462039184774
862462039184949
862462039186100
862462039193643
862462039193791
862462039198899
862462039213284
862462039213300
862462039213334
862462039213391
862462039213417
862462039213425
862462039213508
862462039213516
862462039217228
862462039223622
862462039224265
862462039224927
862462039224935
862462039225619
862462039234611
862462039234918
862462039235964
862462039236079
862462039244487
862462039248330
862462039249338
862462039249429
862462039255152
862462039266738
862462039272876
862462039273221
862462039277651
862462039277693
862462039277701
862462039277966
862462039277990
862462039278410
862462039278576
862462039285696
862462039287023
862462039291090
862462039291835
862462039293013
862462039294474
862462039294987
862462039295323
862462039301451
862462039320196
862462039321061
862462039321897
862462039328009
862462039339725
862462039344543
862462039345128
862462039345920
862462039350474
862462039366371
862462039366470
862462039366645
862846042596778
862846042605389
862846042605397
862846042605439
862846042605447
862846042605462
862846042605728
862846042606379
862846042607930
862846042607963
862846042607997
862846042646136
862846042651672
862846042651722
862846042679418
862846042679673
862846042683501
862846042683816
862846042683832
862846042683899
862846042683915
862846042683923
862846042683949
862846042684012
862846042684079
862846042684111
862846042684194
862846042684392
862846042684699
862846042684707
862846042684723
862846042684756
862846042685001
862846042685035
862846042685142
862846042685175
862846042685217
862846042688146
862846042688633
862846042689698
862846042689706
862846042689755
862846042689979
862846042689995
862846042690159
862846042690233
862846042691587
862846042692783
862846042693328
862846042693542
862846042693591
862846042693633
862846042693757
862846042693823
862846042693849
862846042719412
862846042724404
862846042724883
862846042725047
862846042725070
862846042725088
862846042725195
862846042725237
862846042725252
862846042726581
862846042726631
862846042727076
862846042727290
862846042731706
862846042731763
862846042731854
862846042731896
862846042732258
862846042732373
862846042733108
862846042734916
862846042735004
862846042735905
862846042735947
862846042735962
862846042735970
862846042735988
862846042736002
862846042736051
862846042736135
862846042736192
862846042741887
862846042751464
862846042751860
862894020688324
862894020688829
862894021119931
862894021130987
862894021140713
862894021148013
862894021148658
862894021150092
862894021154508
862894021409258
862894021409365
862894021409431
862894021409662
862894021409704
862894021409712
862894021409720
862894021409803
862894021409829
862894021409936
862894021409985
862894021410058
862894021410215
862894021410488
862894021410629
862894021410660
862894021410793
862894021410801
862894021411007
862894021411155
862894021411346
862894021411411
862894021411494
862894021411536
862894021411676
862894021412054
862894021412112
862894021412260
862894021412286
862894021412294
862894021412302
862894021412492
862894021412567
862894021412583
862894021412591
862894021412609
862894021412625
862894021412641
862894021412674
862894021412740
862894021412757
862894021412807
862894021412831
862894021412914
862894021413086
862894021413110
862894021413177
862894021413235
862894021413268
862894021413284
862894021413300
862894021413318
862894021413342
862894021413474
862894021413540
862894021413664
862894021413714
862894021413763
862894021413854
862894021413862
862894021413896
862894021413920
862894021413946
862894021413953
862894021413979
862894021413995
862894021414159
862894021414233
862894021414241
862894021414308
862894021414555
862894021414654
862894021414720
862894021417251
862894021417285
862894021417343
862894021417368
862894021417525
862894021417590
862894021417624
862894021417707
862894021417889
862894021417921
862894021417939
862894021417962
862894021418218
862894021418291
862894021418465
862894021418531
862894021418549
862894021418580
862894021418648
862894021418655
862894021418853
862894021418861
862894021418978
862894021419026
862894021419059
862894021419182
862894021419224
862894021419273
862894021419323
862894021419331
862894021419349
862894021419364
862894021419489
862894021419588
862894021419687
862894021419703
862894021419877
862894021420057
862894021420099
862894021420206
862894021420321
862894021420511
862894021420685
862894021420701
862894021420800
862894021420982
862894021421006
862894021421014
862894021421154
862894021421329
862894021421345
862894021421394
862894021421444
862894021421519
862894021421535
862894021421584
862894021421618
862894021421782
862894021421840
862894021421857
862894021421907
863286020645868
863286020645926
863286020646270
863286020646288
863286020646627
863286020646858
863286020646908
863286020647005
863286020647120
863286020647864
863286020669751
863286020669793
863286020669850
863286020669868
863286020670379
863286020671252
863286020672268
863286020672441
863286020672599
863286020672821
863286020672938
863286020673472
863286020673712
863286020673779
863286020673795
863286020673969
863286020674017
863286020674074
863286020674157
863286020674322
863286020674405
863286020676780
863286020676822
863286020676848
863286020677622
863286020681939
863286020682531
863286020682622
863286020683034
863286020683042
863286020683430
863286020683638
863286020683794
863286020683893
863286020684107
863286020684180
863286020684255
863286020684669
863286020685252
863286020685450
863286020685518
863286020685864
863286020685922
863286020686219
863286020686284
863286020686342
863286020687324
863286020687498
863286020687621
863286020687886
863286020688371
863286020688975
863286020689015
863286020689098
863286020689338
863286020689429
863286020689460
863286020689601
863286020689916
863286020690310
863286020690401
863286020690468
863286020690583
863286020690765
863286020691342
863286020691409
863286020691474
863286020691573
863286020691722
863286020691854
863286020691888
863286020691904
863286020691912
863286020691920
863286020692175
863286020693900
863286020694569
863286020771300
863286020772209
863286020772753
863286020773322
863286020786076
863286020788569
863286020789567
863286020791019
863286021030664
863286021031209
863286021033106
863286021033205
863286021033981
863286021034104
863286021041224
863286021042537
863286021044269
863286021045597
863286021047221
863286021048807
863286021049037
863286021049078
863286021050043
863286021050647
863286021051652
863286021052825
863286021052858
863286021053328
863286021053476
863286021053591
863286021054268
863286021054714
863286021056180
863286021057766
863286021058194
863286021062303
863286021063673
863286023069959
863286023099824
863286023099832
863286023099865
863286023099881
863286023099899
863286023099915
863286023099923
863286023099949
863286023099964
863286023099972
863286023100002
863286023100036
863286023100044
863286023100051
863286023100069
863286023100085
863286023100119
863286023100168
863286023100226
863286023100234
863286023100242
863286023100259
863286023100267
863286023100283
863286023100309
863286023100317
863286023100325
863286023100333
863286023100341
863286023100366
863286023100374
863286023100382
863286023100390
863286023100465
863286023100515
863286023100770
863286023100804
863286023100846
863286023100895
863286023100911
863286023100986
863286023101000
863286023101018
863286023101042
863286023104137
863286023104681
863286023104707
863286023104798
863286023104830
863286023104848
863286023104897
863286023104905
863286023104939
863286023104947
863286023104970
863286023105076
863286023105175
863286023105191
863286023105340
863286023105936
863286023106272
863286023106280
863286023106298
863286023106306
863286023106322
863286023106348
863286023106363
863286023106454
863286023106611
863286023106629
863286023106645
863286023106660
863286023106678
863286023106777
863286023106900
863286023106926
863286023107254
863286023107502
863286023107718
863286023108211
863286023108344
863286023108823
863286023108831
863286023108864
863286023108880
863286023108930
863286023108971
863286023109037
863286023109052
863286023109300
863286023109409
863286023109540
863286023109565
863286023109581
863286023109615
863286023109631
863286023109664
863286023109680
863286023139836
863286023139851
863286023139901
863286023139919
863286023139935
863286023139943
863286023139950
863286023139968
863286023140024
863286023140099
863286023140149
863286023140164
863286023140180
863286023140263
863286023140289
863286023140313
863286023140321
863286023140362
863286023140370
863286023140420
863286023140602
863286023140800
863286023140909
863286023140933
863286023141014
863286023141063
863286023141071
863286023141097
863286023141113
863286023141121
863286023141139
863286023141154
863286023141188
863286023141527
863286023141600
863286023141634
863286023141642
863286023141675
863286023141683
863286023141691
863286023141725
863286023141733
863286023141766
863286023142038
863286023142061
863286023142095
863286023142103
863286023142335
863286023142350
863286023142442
863286023142764
863286023142855
863286023142871
863286023143366
863286023143424
863286023143432
863286023143457
863286023143465
863286023143515
863286023143549
863286023143606
863286023143648
863286023143713
863286023143721
863286023143804
863286023143812
863286023144018
863286023144216
863286023146633
863286023146641
863286023146682
863286023146724
863286023146732
863286023146740
863286023146765
863286023146781
863286023146815
863286023146823
863286023146831
863286023146849
863286023146856
863286023146864
863286023146872
863286023146898
863286023146914
863286023146930
863286023146948
863286023147037
863286023147045
863286023147078
863286023149421
863286023149462
863286023151104
863286023151377
863286023151484
863286023151492
863286023151518
863286023151534
863286023151542
863286023151948
863286023151989
863286023151997
863286023152003
863286023152029
863286023152037
863286023152045
863286023152052
863286023152060
863286023152078
863286023152094
863286023152136
863286023152144
863286023152193
863286023152284
863286023152474
863286023152516
863286023153308
863286023153399
863286023153498
863286023153522
863286023153548
863286023153555
863286023153563
863286023153589
863286023153670
863286023153688
863286023153696
863286023153712
863286023153738
863286023153845
863286023153878
863286023153886
863286023153902
863286023153910
863286023153928
863286023153985
863286023153993
863286023154017
863286023154033
863286023154140
863286023154504
863286023154686
863286023154710
863286023154728
863286023154835
863286023154850
863286023154967
863286023154983
863286023156186
863286023157473
863286023157556
863286023158208
863286023160261
863286023160287
863286023160311
863286023160337
863286023160360
863286023160444
863286023160741
863286023160766
863286023161814
863286023161921
863286023161996
863286023162028
863286023162192
863286023162226
863286023162259
863286023162317
863286023163240
863286023163281
863286023163448
863286023163455
863286023163497
863286023163778
863286023163794
863286023164230
863286023164297
863286023164461
863286023165567
863286023165633
863286023165674
863286023165682
863286023165716
863286023165781
863286023166011
863286023166151
863286023166219
863286023166235
863286023166243
863286023166417
863286023166441
863286023166458
863286023166474
863286023166482
863286023166516
863286023166524
863286023166565
863286023166573
863286023166599
863286023166607
863286023166615
863286023166623
863286023166631
863286023166649
863286023166656
863286023166680
863286023166722
863286023166771
863286023166789
863286023166797
863286023166805
863286023166847
863286023166854
863286023166862
863286023166870
863286023166896
863286023166904
863286023166920
863286023166995
863286023167068
863286023167076
863286023167522
863286023167738
863286023167837
863286023167894
863286023167902
863286023167928
863286023167936
863286023167951
863286023167969
863286023168017
863286023168272
863286023168355
863286023168397
863286023168447
863286023168454
863286023294128
863286023294136
863286023296768
863286023296891
863286023299010
863286023300511
863286023300529
863286023300537
863286023301022
863286023302772
863286023303002
863286023303812
863286023304133
863286023304216
863286023304315
863286023304695
863286023305056
863286023305338
863286023305379
863286023305601
863286023306278
863286023306708
863286023306906
863286023306914
863286023306922
863286023307003
863286023307037
863286023307177
863286023307888
863286023308035
863286023308118
863286023308126
863286023308134
863286023308159
863286023308175
863286023308209
863286023308233
863286023308241
863286023309744
863286023309769
863286023310486
863286023310601
863286023310684
863286023310692
863286023311146
863286023311278
863286023311310
863286023311344
863286023311351
863286023311393
863286023311401
863286023311419
863286023311435
863286023311468
863286023311609
863286023311617
863286023311682
863286023311708
863286023311823
863286023311849
863286023312052
863286023312060
863286023312201
863286023312219
863286023312227
863286023312243
863286023312250
863286023312268
863286023312276
863286023312284
863286023312292
863286023312300
863286023312318
863286023312326
863286023312342
863286023312359
863286023312367
863286023312375
863286023312425
863286023312433
863286023312441
863286023312458
863286023312466
863286023312490
863286023312508
863286023312516
863286023312524
863286023312532
863286023312540
863286023312565
863286023312599
863286023312607
863286023312623
863286023312680
863286023312722
863286023312748
863286023312839
863286023312896
863286023312912
863286023329668
863286023330567
863286023330658
863286023331136
863286023331342
863286023331433
863286023331474
863286023331482
863286023331508
863286023331524
863286023331540
863286023331557
863286023331573
863286023331599
863286023331607
863286023331979
863286023335400
863286023335517
863286023335525
863286023335541
863286023335558
863286023335566
863286023335624
863286023335632
863286023335673
863286023335731
863286023335756
863286023335764
863286023335798
863286023335871
863286023335889
863286023335897
863286023336069
863286023336119
863286023336127
863286023336200
863286023336226
863286023336242
863286023336333
863286023336341
863286023336390
863286023336408
863286023336432
863286023336457
863286023336473
863286023336481
863286023336614
863286023336655
863286023336689
863286023337117
863286023337166
863286023338735
863286023338784
863286023338859
863286023339063
863286023339071
863286023339089
863286023339238
863286023339337
863286023339485
863286023339634
863286023340012
863286023340046
863286023340145
863286023340236
863286023340269
863286023340418
863286023340699
863286023340830
863286023340905
863286023340913
863286023340947
863286023340962
863286023341010
863286023341101
863286023341515
863286023341523
863286023341614
863286023341739
863286023341762
863286023341804
863286023341820
863286023341887
863286023341903
863286023341952
863286023342067
863286023342109
863286023342125
863286023342182
863286023342216
863286023342281
863286023342455
863286023342828
863286023342976
863286023343248
863286023343297
863286023343404
863286023440051
863286023440135
863286023440226
863286023440259
863286023440556
863286023440598
863286023440952
863286023440978
863286023440986
863286023441018
863286023441026
863286023441034
863286023441067
863286023441075
863286023441091
863286023441133
863286023441141
863286023441356
863286023441745
863286023441844
863286023441976
863286023442446
863286023442560
863286023442701
863286023442750
863286023442958
863286023442990
863286023443030
863286023443337
863286023443824
863286023443832
863286023443840
863286023444053
863286023444061
863286023444095
863286023444178
863286023444186
863286023444251
863286023444293
863286023444681
863286023444780
863286023444848
863286023444913
863286023444988
863286023445027
863286023445035
863286023445043
863286023445118
863286023445183
863286023445217
863286023445290
863286023445332
863286023445456
863286023445522
863286023445860
863286023445985
863286023446074
863286023446090
863286023446181
863286023446199
863286023446447
863286023446553
863286023446728
864251020132233
864251020137901
864376049329625
864376049330383
864376049336133
864376049336166
864376049336174
864376049336208
864376049336216
864376049336232
864376049336315
864376049336380
864376049336489
864376049337594
864376049337750
864376049339988
864376049340069
864376049340218
864376049340234
864376049340523
864376049340531
864376049340820
864376049340853
864376049340895
864376049340911
864376049340929
864376049340945
864376049341026
864376049341059
864376049341166
864376049341174
864376049341257
864376049341299
864376049341323
864376049341331
864376049341349
864376049341372
864376049341398
864376049341638
864376049344095
864376049344137
864376049347791
864376049347999
864376049349110
864376049349367
864376049352981
864376049355380
864376049360695
864376049360844
864376049361248
864376049361339
864376049361388
864376049361461
864376049361503
864376049361511
864376049382046
864376049384166
864376049384315
864376049384331
864376049385809
864376049394371
864376049394470
864376049394512
864376049394546
864376049394728
864376049394876
864376049396558
864376049396590
864376049396608
864376049396640
864376049396723
864376049396764
864376049396814
864376049396905
864376049396947
864376049396988
864376049397002
864376049397036
864376049397101
864376049397119
864376049397150
864376049397267
864376049399685
864376049399883
864376049400087
864376049400129
864376049400145
864376049400152
864376049400160
864376049400277
864376049401077
864376049401275
864376049401374
864376049401408
864376049401432
864376049408684
864376049409187
864376049409211
864376049409229
864376049409393
864376049409575
864376049410227
864376049410557
864376049410912
864376049411019
864376049411316
864376049411357
864376049411365
864376049411381
864376049411399
864376049411415
864376049411803
864376049412025
864376049412066
864376049412298
864376049412322
864376049414062
864376049414682
864376049414708
864376049414799
864376049414864
864376049414963
864376049415192
864376049415408
864376049415556
864376049415853
864376049416141
864376049416513
864376049416547
864376049416620
864376049416679
864376049417750
864376049417818
864376049420556
864376049422214
864376049422222
864376049422248
864376049422255
864376049424269
864376049424277
864376049424285
864376049424293
864376049424376
864376049424384
864376049424400
864376049424418
864376049424434
864376049424525
864376049424830
864376049430845
864376049431660
864376049431678
864376049432015
864376049432114
864376049432163
864376049432429
864376049432759
864376049432783
864376049432817
864376049432858
864376049432916
864376049432973
864376049433005
864376049433229
864376049433260
864376049434052
864376049435992
864376049436024
864376049436057
864376049436180
864376049436974
864376049438301
864376049438350
864376049438376
864376049438459
864376049438509
864376049438517
864376049438533
864376049438624
864376049438731
864376049439077
864376049440323
864376049440661
864376049440679
864376049440687
864376049440703
864376049440786
864376049441057
864376049444911
864376049444945
864376049451403
864376049451429
864376049451544
864376049451585
864376049451692
864376049453839
864376049453896
864376049464364
864376049464372
864376049464380
864376049481632
864547030518646
864547030518901
864547030714054
864547030714120
864547030801687
864547030816107
864547030847334
864547030981026
864547030981042
864547030981109
864547033136032
864547033138434
864547033142758
864547033142881
864547033143715
864547033143871
864547033145959
864547033147427
864547033147484
864547033180212
864547033183133
864547033183182
864547033184396
864547033224580
864547033224630
864547033334280
864547033434858
864547033453700
864547033473377
864547033477667
864547033478715
864547033478863
864547033483285
864547033483319
864547033483400
864547033483426
864547033492807
864547033506861
864547033507042
864547033511895
864626044901236
864626044902325
864626044906714
864626044913983
864626044918859
864626044921259
864626044921283
864626044926894
864626044927991
864626044929674
864626044929716
864626044931449
864626044933965
864626044934062
864626044934989
864626044935515
864626044937750
864626044937990
864626044938188
864626044938378
864626044940432
864626044940465
864626044941398
864626044955182
864626044963822
864626044970975
864626044974415
864626044974456
864626044974472
864626044977384
864626044977418
864626044978192
864626044979570
864626044980131
864626044980248
864626044980545
864626044980644
864626044980792
864626044980800
864626044981022
864626044989629
864626044989645
864626044992375
864626044994751
864626044999156
864626044999164
864626044999230
864626045001374
864626045003149
864626045003693
864626045003727
864626045004063
864626045005300
864626045008189
864626045008452
864626045010714
864626045010763
864626045010771
864626045010854
864626045012140
864626045014161
864626045022735
864626045022768
864626045023352
864626045023360
864626045023402
864626045026397
864626045027023
865084030171191
865084030179228
865084030179939
865084030187437
865084030210551
865532049875574
865532049891290
865532049913532
865532049921741
865532049927854
865532049927912
865532049934579
865532049936319
865532049936707
865532049944263
865532049944479
865532049951151
865532049964782
866710030845686
866710030845736
866710030845785
866710030845884
866710030846536
866710030847583
866710030847880
866710030848516
866710030848706
866710030849340
866710030849597
866710030849878
866710030850116
866710030851452
866710030852013
866710030853342
866710030860990
866710030862590
866710030862681
866710030862707
866710030863556
866710030863614
866710030868365
866710030869462
866710030870502
866710030871385
866710030871880
866710030873175
866710030873217
866710030873266
866710030874918
866710030897042
866710030897091
866710030900838
866710030900853
866710030900895
866710030900937
866710030901448
866710030901489
866710030901646
866710030901703
866710030901711
866710030901901
866710030901950
866710030904129
866710030904459
866710030905654
866710030905720
866710030905746
866710030905837
866710030906264
866710030906991
866710030907593
866710030907767
866710030907775
866710030908740
866710030908765
866710030911025
866710030911322
866710030912064
866710030913039
866710030913054
866710030914003
866710030915331
866710030915554
866710030915588
866710030917121
866710030917139
866710030918293
866710030918467
866710030919820
866710030922584
866710030922600
866710030922659
866710030924622
866710030924853
866710030924945
866710030925116
866710030925348
866710030930843
866710030931163
866710030933524
866710030934407
866710030934837
866710030935859
866710030938911
866710030941469
866710030941626
866710030941923
866710030942202
866710030942251
866710030942335
866710030943200
866710030944216
866710030944257
866710030944265
866710030979006
866710030989625
866710030995622
866710030995713
866710030995952
866710030995978
866710030995994
866710030996042
866710031002907
866710038907900
866710038908601
866710038908643
866710038908809
866710038910466
866710038910565
866710038910649
866710038910664
866710038911605
866710038911720
866710038911753
866710038911761
866710038911803
866710038911845
866710038911886
866710038912181
866710038912249
866710038912413
866710038913023
866710038913049
866710038913353
866710038914013
866710038914039
866710038916901
866710038920762
866710038921679
866710038924640
866710039929226
866710039930380
866710039933962
866710039935017
866710039935660
866710039936031
866710039950792
866710039951857
866710039951956
866710039952111
866710039952822
866710039953309
866710039953705
866710039953770
866710039953812
866710039954265
866710039954950
866710039954976
866710039955049
866710039955098
866710039955106
866710039955635
866710039957193
866710039957201
866710039957243
866710039957284
866710039958886
866710039958894
866710039961492
866710039962110
866710039962193
866710039966764
866710039967036
866710039974180
866710039974214
866710039974297
866710039974479
866710039974511
866710039974842
866710039975351
866710039975500
866710039975526
866710039975583
866710039976136
866710039978157
866710039978173
866710039978348
866710039978363
866710039978397
866710039978462
866710039978488
866710039978553
866710039978652
866710039978785
866710039978819
866710039978900
866710039979460
866710039979668
866710039981243
866710039982308
866710039982381
866710039983017
866710039983322
866710039983355
866710039983405
866710039983470
866710039983843
866710039984023
866710039984338
866710039984429
866710039990665
866710039990707
866710039990715
866710039990822
866710039990855
866710039991010
866710039991044
866710039991259
866710039991291
866710039991374
866710039991622
866710039998049
866710039998379
866710039998395
866710039998411
866795030912370
866795030912974
866795030913063
866795030913097
866795030913113
866795030913121
866795030913154
866795030923914
866795030925893
866795030925935
866795030925950
866795030925968
866795030925976
866795030925992
866795030926081
866795030928335
866795030928343
866795030928426
866795030928491
866795030941155
866795030941171
866795030941288
866795031808171
866795031813031
866795031813593
866795031813809
866795031814112
866795031814377
866795031814799
866795031820259
866795031821786
866795031822545
866795031827569
866795031830415
866795031843673
866795031844838
866795031844978
866795031846437
866795031846593
866795031846791
866795031846858
866795031852559
866795031853664
866795031853714
866795031853946
866795031853979
866795031853987
866795031854217
866795031856857
866795031856865
866795031857699
866795032668707
866795032668749
866795032668756
866795032668772
866795032668863
866795032669291
866795032669341
866795032669382
866795032669390
866795032669424
866795032669572
866795032669598
866795032669606
866795032669614
866795032669630
866795032669648
866795032669713
866795032669721
866795032669747
866795032669788
866795032669853
866795032669895
866795032670349
866795032670380
866795032670463
866795032670505
866795032670596
866795032670612
866795032670638
866795032670653
866795032670745
866795032671446
866795032671982
866795032672097
866795032674838
866795032674937
866795032674986
866795032676205
866795032676239
866795032676627
866795032676734
866795032676791
866795032676809
866795032676932
866795032677005
866795032677039
866795032677047
866795032677641
866795032677674
866795032677922
866795032678037
866795032678110
866795032679456
866795032680447
866795032681015
866795032681098
866795032681155
866795032681197
866795032681205
866795032681239
866795032681254
866795032681262
866795032681304
866795032681320
866795032681361
866795032682203
866795032682542
866795032682567
866795032683433
866795032684274
866795032684308
866795032684332
866795032684340
866795032684381
866795032684423
866795032684431
866795032684472
866795032684688
866795032684761
866795032684811
866795032687319
866795032801720
866795033708478
866795033708841
866795033708882
866795033708908
866795033708924
866795033709013
866795033709054
866795033709765
866795033709872
866795033709914
866795033709948
866795033723790
866795033723865
866795033724145
866795033724186
866795033724228
866795033724517
866795033724558
866795033724582
866795033727502
866795033735273
866795033737071
866795033737311
866795033742691
866795033742709
866795033742733
866795033743970
866795033744002
866795033744663
866795033744705
866795033748813
866795033749316
866795033749332
866795033749373
866795033749803
866795033749811
866795033749829
866795033749837
866795033749860
866795033749886
866795033749894
866795033749936
866795033749977
866795033754951
866795033755040
866795033755065
866795033755826
866795034320180
866795034328219
866795034332070
866795034332237
866795034332260
866795034332781
866795034332831
866795034333227
866795034333391
866795034334134
866795034334159
866795034334175
866795034334191
866795034334274
866795034334399
866795034336832
866795034336956
866795034338424
866795034342780
866795034345205
866795034348985
866795034355311
866795034355329
866795034358224
866795034358240
866795034361251
866795034362598
866795034365799
866795034366052
866795034366888
866795034367654
866795034371524
866795034375350
866795034375434
866795034375442
866795034375467
866795034375475
866795034375780
866795034375806
866795034375905
866795034376424
866795034376432
866795034376457
866795034376465
866795034376960
866795034376978
866795034377117
866795034377133
866795034377141
866795034377182
866795034377208
866795034377976
866795034389716
866795034389823
866795034399632
866795034400422
866795034404143
866795034404259
866795034404390
866795034404440
866795034404465
866795034407179
866795034407997
866795034408003
866795034408045
866795034408573
866795034408706
866795034408797
866795034408870
866795034409126
866795034409308
866795034409456
866795034409688
866795034410777
866795034410868
866795034411601
866795034412286
866795034412559
866795034415149
866795034416584
866795034416857
866795034417475
866795034417624
866795034417731
866795034419620
866795034419810
866795034419851
866795034420362
866795034421212
866795034421246
866795034421550
866795034421568
866795034421642
866795034422244
866795034422285
866795034423143
866795034423705
866795034424075
866795034849941
866795034849982
866795034850006
866795034850014
866795034850022
866795034850071
866795034852218
866795034852226
866795034852333
866795034853984
866795034854248
866795034854289
866795034854362
866795034854388
866795034856565
866795034912707
866795034922946
866795035431673
866795035431707
866795035431756
866795035431939
866795035434198
866795035434263
866795035434271
866795035434289
866795035434313
866795035434347
866795035434354
866795035434438
866795035434453
866795035434461
866795035434503
866795035434511
866795035434560
866795035434578
866795035434727
866795035434800
866795035435120
866795035435211
866795035435252
866795035435328
866795035435427
866795035437738
866795035438017
866795035438199
866795035442514
866795035444460
866795035446945
866795035446978
866795035447026
866795035447133
866795035462462
866795035468170
866795035468212
866795035468683
866795035470002
866795035470176
866795035471422
866795035471455
866795035471471
866795035471497
866795035471505
866795035471539
866795035471588
866795035471695
866795035471703
866795035471737
866795035471810
866795035472289
866795035472818
866795035474814
866795035478310
866795035482700
866795035482726
866795035482783
866795035484177
866795035484185
866795035484193
866795035484219
866795035484250
866795035484284
866795035484292
866795035484318
866795035484326
866795035484342
866795035484391
866795035487337
866795035487758
866795035492618
866795035497500
866795035497583
866795035498003
866795035498094
866795035498151
866795035500386
866795035500980
866795035501947
866795035503422
866795035503711
866795035504628
866795035505849
866795035506102
866795035506581
866795035508363
866795035510039
866795035510922
866795035511060
866795035511102
866795035511185
866795035511219
866795035511227
866795035511250
866795035511276
866795036679270
866795036679395
866795036679403
866795036679445
866795036679452
866795036679528
866795036679544
866795036679551
866795036679569
866795036679577
866795036681474
866795036682852
866795036682860
866795036682944
866795036683124
866795036683223
866795036683322
866795036708202
866795036708525
866795036715124
866795036716346
866795036716387
866795036716445
866795036716460
866795036716494
866795036716577
866795036727046
866795036739272
866795037995550
866795038002422
866795038010045
866795038012074
866795038012082
866795038013056
866795038014484
866795038014583
866795038022149
866795038022669
866795038022800
866795038023071
866795038025217
866795038025233
866795038025266
866795038025282
866795038027999
866795038028815
866795038028914
866795038029037
866795038029086
866795038029748
866795038029946
866795038031595
866795038031785
866795038031819
866795038031967
866795038032676
866795038032874
866795038032924
866795038033062
866795038034631
866795038036925
866795038037071
866795038037089
866795038037113
866795038037196
866795038037592
866795038042386
866795038042394
866795038042444
866795038042550
866795038042568
866795038042584
866795038047831
866795038048136
866795038048235
866795038048391
866795038050611
866795038051023
866795038051130
866795038051163
866795038051197
866795038051247
866795038051296
866795038051312
866795038051429
866795038052054
866795038052088
866795038052237
866795038052385
866795038052518
866795038052567
866795038052625
866795038052716
866795038052781
866795038052914
866795038052971
866795038053037
866795038053185
866795038053219
866795038053235
866795038053359
866795038053557
866795038054167
866795038054555
866795038054605
866795038054621
866795038054746
866795038055040
866795038055172
866795038055214
866795038055230
866795038055339
866795038055396
866795038055438
866795038056154
866795038056170
866795038056428
866795038057277
866795038057483
866795038058408
866795038058457
866795038060263
866795038060313
866795038060362
866795038060404
866795038060560
866795038060826
866795038759070
866795038759880
866795038763601
866795038764211
866795038764237
866795038764575
866795038765036
866795038778732
866795038783567
866795038791669
866795038803597
866795038804678
866795038804694
866795038804728
866795038804736
866795038804884
866795038804991
866795038806418
866795038812408
866795038812564
866795038812614
866795038812655
866795038814107
866795038814206
866795038814248
866795038814487
866795038814537
866795038814545
866795038814610
866795038814628
866795038814677
866795038814735
866795038814750
866795038814776
866795038814792
866795038815021
866795038815534
866795038815575
866795038815583
866795038825285
866795038825657
866795038825939
866795038826093
866795038826309
866795038827745
866795038827893
866795038827927
866795038829253
866795038837785
866795038837850
866795038837900
866795038837942
866795038837975
866795038838098
866795038838114
866795038838171
866795038838189
866795038838197
866795038838205
866795038838221
866795038838239
866795038838254
866795038838262
866795038838270
866795038838288
866795038839799
866795038839864
866795038850234
866795038850382
866795039663271
866795039663321
866795039663560
866795039663578
866795039663701
866795039669799
866795039670854
866795039672280
866795039683287
866795039683311
866795039685860
866795039686520
866795039686678
866795039687999
866795039695521
866795039695653
866795039697352
866795039697402
866795039700339
866795039701592
866795039703101
866795039703291
866795039703333
866795039703341
866795039703432
866795039703598
866795039703622
866795039705270
866795039705437
866795039705890
866795039707326
866795039707482
866795039708407
866795039712144
866795039715121
866795039735863
866795039745698
866795039745953
866795039746035
866795039746134
866795039746233
866795039746241
866795039746373
866795039746407
866795039746423
866795039746878
866795039747876
866795039749286
866795039751894
866795039753551
866795039753734
866795039754468
866795039754765
866795039757735
866795039758345
866795039769904
866795039798762
866795039799000
867157040000820
867157040000937
867157040004319
867157040004384
867157040004921
867157040005118
867157040005159
867157040007148
867157040007197
867157040007411
867157040007551
867157040007627
867157040007684
867157040007700
867157040007759
867157040007908
867157040009813
867157040009938
867157040009961
867157040009979
867157040010068
867157040010076
867157040010084
867157040010316
867157040010514
867157040010522
867157040010530
867157040010589
867157040010597
867157040010605
867157040010613
867157040010621
867157040010662
867157040010688
867157040010746
867157040010902
867157040010936
867157040010944
867157040010951
867157040011306
867157040011405
867157040013039
867157040013062
867157040013211
867157040013245
867157040013773
867157040013799
867157040013823
867157040013831
867157040013906
867157040013914
867157040014318
867157040014326
867157040014334
867157040014797
867157040014870
867157040014904
867157040015349
867157040015588
867157040016644
867157040016776
867157040016834
867157040016867
867157040016875
867157040017022
867157040017071
867157040017089
867157040017212
867157040020570
867157040023053
867157040023145
867157040023426
867157040023483
867157040023558
867157040023632
867157040025629
867157040025637
867157040027500
867157040027609
867157040027617
867157040027757
867157040028169
867157040028193
867157040030645
867157040046104
867157040118788
867157040118838
867157040118903
867157040119851
867459045555406
867459045555414
867459045555497
867459045555638
867459045555646
867459045555695
867459045555703
867459045555778
867459045555810
867459045555877
867459045569829
867459045569845
867459045569852
867459045571486
867459045571544
867459045571551
867459045571569
867459045572021
867459045572054
867459045572096
867459045573482
867459045573847
867459045574365
867459045575008
867459045575552
867459045575586
867459045576436
867459045576675
867459045579604
867459045579612
867459045579646
867459045597200
867459045597374
867459045603057
867459045603107
867459045603149
867459045603164
867459045603255
867459045603446
867459045603651
867793030008389
867793030009759
867793030010237
867793030011615
867793030013363
867793030013371
867793030013389
867793030013413
867793030013447
867793030013454
867793030013462
867793030013496
867793030016978
867793030017067
867793030017265
867793030018008
867793030027371
867793030027652
867793030027686
867793030029161
867793030029211
867793030030250
867793030033155
867793030033262
867793030048237
867793030050795
867793030050860
867793030052619
867793030052759
867793030052999
867793030054458
867793030064184
867793030064218
867793030064697
867793030065025
867793030065066
867793030065082
867793030069035
867793030087581
867793030087656
867793030087672
867793030087706
867793030087748
867793030099057
867793030099230
867793030114211
867793030122065
867793030122164
867793030122172
867793030122289
867793030122586
867793030124525
867793030124533
867793030124640
867844000565955
867844000599640
867844000603186
867844000606585
867844000611056
867844000611130
867844000611338
867844000612096
867844000613615
867844000613698
867844001355695
867844001356990
867844001358020
867844001358061
867844001358970
867844001360075
867844001361313
867844001364820
867844001365033
868034001143353
868034002004125
868487002078848
868487002103364
868487002983146
868487002983294
868487002983419
868487002983922
868487002984813
868487002985125
868487002985380
868487002986040
868487002986149
868487002987428
868487002987535
868487002987790
868487002987931
868487002988046
868487002988202
868487002988319
868487002989325
868487002989416
868487002990570
868789020497870
868789020498159
868789020498431
868789020499611
868789020501770
868789020501796
868789020501879
868789020502992
868789020503016
868789020504287
868789020504568
868789020504626
868789020505367
868789020505391
868789020505482
868789020505870
868789020507249
868789020507900
868789020507991
868789020508478
868789020508643
868789020509518
868789020509534
868789020510383
868789020510631
868789020511092
868789020511308
868789020511332
868789020511399
868789020511647
868789020511829
868789020511902
868789020512041
868789020512108
868789020512991
868789020513205
868789020513403
868789020514005
868789020514815
868789020515150
868789020516455
868789020516687
868789020517156
868789020517412
868789020519079
868789020519590
868789020520291
868789020521067
868789020521273
868789020521901
868789020521976
868789020523519
868789020523790
868789020523865
868789020524178
868789020524202
868789020525720
868789020527502
868789020530092
868789020530126
868789020530340
868789020530498
868789020530530
868789020531561
868789020532577
868789020532585
868789020532775
868789020532783
868789020533286
868789020534425
868789020535976
868789020536164
868789020536255
868789020537022
868789020537287
868789020537436
868789020537659
868789020537931
868789020538046
868789020538277
868789020538343
868789020538392
868789020538558
868789020538939
868789020539069
868789020539135
868789020539994
868789020540000
868789020540612
868789020540752
868789020540901
868789020542329
868789020542402
868789020542501
868789020542543
868789020542592
868789020542741
868789020542832
868789020542840
868789020542873
868789020543376
868789020543434
868789020543863
868789020545728
868789020545801
868789020546353
868789020546478
868789020546791
868789020546932
868789020547062
868789020547260
868789020547310
868789020547922
868789020547930
868789020547948
868789020547971
868789020547997
868789020548078
868789020548524
868789020548730
868789020548771
868789020548839
868789020549738
868789020550025
868789020550157
868789020550843
868789020550967
868789020552104
868789020552112
868789020552138
868789020552187
868789020552237
868789020552765
868789020552971
868789020553086
868789020553110
868789020553284
868789020553300
868789020553821
868789020556469
868789020556709
868789020556964
868789021005979
868789021006027
868789021006050
868789021006886
868789021007132
868789021007934
868789021008064
868789021008304
868789021008346
868789021008429
868789021008437
868789021008460
868789021008676
868789021008825
868789021008908
868789021008924
868789021008965
868789021009054
868789021009104
868789021009120
868789021009195
868789021009401
868789021009443
868789021009542
868789021009575
868789021010052
868789021010136
868789021010235
868789021010425
868789021010441
868789021010482
868789021010532
868789021010599
868789021010730
868789021010755
868789021010771
868789021010896
868789021010920
868789021010953
868789021011068
868789021011100
868789021011175
868789021011183
868789021011571
868789021011589
868789021011621
868789021011654
868789021012173
868789021014054
868789021014542
868789021015309
868789021015317
868789021015325
868789021015341
868789021015671
868789021015861
868789021015895
868789021016075
868789021016125
868789021016166
868789021016265
868789021016315
868789021016356
868789021017669
868789021020861
868789021020994
868789021021026
868789021023964
868789021026769
868789021026892
868789021027098
868789021030837
868789021031322
868789021034185
868789021037782
868789021037907
868789021038848
868789021043954
868789021044028
868789021404552
868789021412555
868789021413157
868789021413215
868789021415368
868789021417315
868789021418529
868789021418586
868789021418594
868789021418610
868789021418628
868789021418651
868789021418693
868789021418826
868789021418842
868789021418859
868789021418867
868789021418891
868789021418909
868789021418925
868789021419303
868789021419311
868789021419329
868789021419360
868789021419485
868789021419600
868789021419634
868789021419709
868789021419717
868789021419774
868789021419782
868789021419790
868789021419808
868789021419824
868789021419972
868789021420129
868789021420145
868789021420186
868789021420236
868789021420293
868789021420426
868789021420913
868789021420996
868789021421036
868789021421044
868789021421150
868789021421507
868789021421564
868789022090582
868789022091028
868789022091176
868789022092653
868789022093966
868789022096555
868789022124704
868789022124720
868789022125719
868789022126121
868789022126717
868789022127061
868789022128853
868789022129711
868789022129901
868789022130198
868789022130222
868789022130230
868789022130438
868789022130990
868789022131006
868789022131212
868789022131766
868789022131923
868789022132079
868789022132178
868789022132210
868789022132376
868789022132699
868789022133838
868789022134596
868789022134612
868789022134851
868789022135023
868789022135148
868789022135403
868789022135551
868789022135619
868789022135684
868789022135775
868789022135890
868789022136518
868789022136526
868789022137953
868789022138639
868789022138894
868789022139066
868789022627409
868789022631211
868789022636301
868789022654585
868789022662554
868789022662745
868789022663131
868789022663594
868789022663974
868789022665086
868789022669112
868789022671738
868789022673320
868789022673478
868789022674120
868789022674229
868789022674674
868789022674724
868789022674757
868789022674807
868789022674955
868789022674997
868789022675085
868789022675200
868789022675275
868789022675283
868789022675325
868789022676257
868789022676380
868789022676489
868789022678501
868789022678733
868789022678758
868789022678782
868789022678824
868789022678865
868789022678881
868789022678899
868789022678907
868789022679152
868789022679673
868789022679699
868789022679848
868789022679889
868789022679905
868789022679947
868789022680127
868789022680168
868789022680192
868789022680242
868789022680317
868789022680515
868789022680853
868789022681091
868789022681182
868789022681216
868789022681653
868789022681679
868789022681885
868789022682198
868789022684079
868789022684921
868789022685639
868789022686058
868789022689565
868789022697444
868789022710403
868789022710619
868850020069166
868850020069448
868850020069489
868850020069521
868850020069539
868850020069596
868850020069653
868850020069794
868850020069919
868850020070339
868850020070388
868850020070511
868850020070610
868850020070651
868850020070941
868850020070958
868850020071279
868850020071428
868850020071576
868850020071741
868850020072335
868850020072590
868850020073028
868850020073614
868850020074422
868850020075254
868926037976914
868926037976955
868926037977060
868926037977102
868926037977201
868926037977227
868926037980767
868926037980775
868926037980783
868926037980817
868926037980825
868926037980858
868926037980866
868926037980874
868926037980882
868926037980908
868926037980916
868926037981096
868926037981351
868926037981377
868926037981427
868926037983563
868926037988414
868926037988604
868926037988612
868926037988646
868926037993943
868926037993984
868926037994008
868926037994016
868926038017254
868926038019185
868926038019193
868926038019227
868926038020951
868926038020993
868926038021546
868926038021801
868926038022239
868926038022254
868926038024029
868926038024342
868926038024425
868926038024540
868926038024854
868926038025265
868926038025299
868926038037286
868926038037740
868926038037823
868926038038276
868926038039142
868926038039316
868926038039332
868926038039373
868926038044647
868926038044704
868926038044746
868926038044753
868926038044779
868926038044803
868926038046907
868926038047079
868926038047236
868926038047376
868926038047517
868926038047723
868926038047749
868926038047772
868926038047855
868926038049190
868926038067176
868926038067192
868926038076516
868926038076532
868926038076573
868926038076656
868926038076664
869158005177221
869158005177395
869158005177429
869158005177437
869158005177536
869158005177783
869158005177817
869158005177858
869158005177890
869158005177908
869158005178195
869158005178286
869158005178385
869158005178849
869158005178914
869158005178955
869158005179011
869158005179425
869158005179441
869158005179789
869158005179912
869158005179995
869158005180373
869158005180555
869158005180688
869158005180886
869158005180910
869158005180944
869158005180993
869158005181017
869158005181058
869158005181140
869158005181405
869158005181520
869158005181652
869158005181686
869158005182221
869158005182403
869158005182510
869158005182593
869158005182676
869158005183039
869158005183120
869158005183203
869158005183328
869158005183385
869158005183641
869158005183666
869158005183856
869158005183906
869158005184276
869158005184367
869158005184854
869158005185059
869158005185109
869158005185182
869158005185364
869158005185448
869158005185851
869158005186032
869158005186073
869158005186495
869158005186636
869158005186966
869158005187097
869158005187147
869158005187212
869158007705813
869158007705862
869158007705953
869158007706001
869158007706167
869158007706415
869158007706720
869158007706977
869158007706985
869158007707256
869158007707298
869158007707322
869158007707348
869158007707439
869158007707462
869158007707520
869158007707611
869158007707678
869158007707728
869158007707918
869158007708072
869158007708288
869158007708320
869158007708486
869158007708528
869158007708726
869158007708742
869158007709203
869158007709310
869158007709351
869158007709484
869158007709518
869158007709575
869158007709708
869158007709724
869158007710060
869158007710227
869158007710961
869158007711076
869158007711118
869158007711175
869158007711399
869158007711829
869158007712025
869158007712058
869158007712108
869158007712322
869158007712355
869158007712603
869158007712678
869158007712751
869158007712835
869158007712868
869158007712876
869158007713197
869158007713247
869158007713700
869158007713726
869158007713783
869158007714161
869158007714278
869158007714518
869158007714575
869158007714740
869158007714872
869158007714997
869158007715051
869158007715135
869158007715499
869158007715572
869158007715655
869158007715671
869158007715705
869158007715721
869158007715747
869158008701555
869158008701613
869158008701621
869158008702124
869158008702132
869158008702199
869158008702306
869158008702413
869158008702561
869158008702744
869158008703080
869158008703122
869158008703346
869158008703379
869158008703411
869158008703429
869158008703460
869158008703478
869158008703627
869158008704237
869158008704278
869158008704427
869158008704450
869158008704591
869158008704674
869158008704781
869158008704914
869158008705069
869158008705143
869158008705218
869158008705424
869158008705440
869158008705457
869158008705515
869158008705754
869158008705861
869158008705887
869158008705994
869158008706000
869158008706323
869158008706380
869158008706901
869158008708071
869158008708790
869158008708964
869158008708980
869158008709111
869158008709384
869158008709566
869158008709608
869158008709616
869158008709731
869158008709830
869158008709871
869158008709897
869158008709954
869158008710069
869158008710093
869158008710689
869158008711000
869158008711083
869158008711422
869158008711430
869158008711604
869158008722908
869158008726446
869286031232635
869286031233443
869286031233542
869286031233922
869286031234813
869286031234888
869286031235224
869286031239432
869286031239879
869286031240455
869309011480725
869309011480915
869309011481046
869309011481053
869309011481061
869309011481095
869309011481152
869309011481269
869309011481384
869309011481418
869309011481491
869309011481574
869309011481632
869309011482192
869309011482366
869309011482580
869309011482804
869309011483067
869309011483174
869309011483257
869309011483422
869309011483471
869309011483513
869309011905606
869309011905762
869309011905861
869309011905903
869309011905911
869309011905960
869309011906125
869309011906158
869309011906216
869309011906315
869309011906364
869309011906471
869309011906497
869309011906547
869309011906596
869309011906778
869309011906877
869309011906901
869309011906992
869309011907065
869309011907198
869309011907420
869309011907438
869309011907552
869309011907743
869309011907883
869309011908014
869309011908030
869309011908048
869309011908055
869309011908170
869309011908451
869309011908519
869309011908592
869309011908600
869309011908964
869309011909012
869309011909061
869309011909079
869309011909228
869309011909285
869309011909327
869309011909335
869309011909392
869309011909483
869309011909616
869309011909640
869309011909806
869309011909863
869309011909905
869309011910028
869309011910135
869309011910150
869309011910176
869309011910200
869309011910515
869309011910531
869309011910556
869309011917775
869309011917908
869309011918583
869309011918633
869309011918740
869309011918757
869309011918831
869309011918872
869309011918906
869309011918997
869309011919045
869309011919128
869309011919136
869309011919334
869309011919367
869309011919433
869309011919532
869309011919771
869309011919805
869309011919920
869309011920076
869309011920167
869309011920175
869309011920258
869309011920431
869309011920456
869309011920464
869309011920548
869309011920563
869309011920571
869309011920647
869467044626282
869467044626290
869467044626399
869467044626449
869467044628437
869467044632454
869467044632827
869467044636075
869467044636190
869467044639236
869467044639400
869467044639442
869467044639483
869467044639533
869467044639541
869467044639566
869467044645191
869467044645704
869467044647437
869467044647494
869467044647619
869467044647668
869467044647726
869467044647742
869467044647858
869467044647957
869467044648120
869467044648716
869467044649276
869467044649284
869467044650720
869467044651785
869467044652221
869467044653195
869467044653369
869467044653666
869467044659820
869467044661313
869467044661347
869467044661362
869467044661404
869467044661412
869467044662519
869467044664655
869467044664887
869467044665009
869467044665140
869467044665181
869467044665207
869467044665256
869467044665264
869467044665512
869467044665629
869467044665900
869467044668649
869467044668656
869467044668755
869467044668821
869467044668946
869467044669241
869467044669969
869467044671247
869467044671478
869467044671494
869467044686112
869467044686120
869467044686179
869467044688092
869467044688183
869467044688332
869467044688340
869696041704847
869696041704995
869696041705307
869696041705463
869696041705836
869696041705950
869696041706057
869696041706065
869696041706388
869696041706420
869696041706867
869696041706909
869696041707154
869696041709309
869696041711370
869696041711388
869696041711966
869696041713665
869696041713756
869696041713954
869696041715330
869696041717617
869696041720421
869696041721296
869696041727004
869696041727038
869696041727277
869696041729109
869696041729208
869696041729232
869696041729620
869696041730990
869696041731220
869696041731238
869696041731246
869696041731683
869696041731725
869696041731758
869696041731824
869696041741062
869696041741104
869696041741187
869696041741237
869696041741302
869696041741401
869696041741559
869696041741575
869696041741583
869696041741591
869696041741609
869696041741633
869696041742441
869696041742508
869696041742524
869696041742557
869696041742607
869696041742623
869696041742730
869696041742755
869696041742789
869696041744405
869696041744413
869696041744447
869696041744454
869696041744470
869696041744488
869696041744496
869696041744728
869696041746335
869696041747770
869696041748190
869696041750535
869696041750618
869696041750634
869696041750923
869696041751582
869696041751616
869696041751640
869696041751657
869696041751764
869696041751772
869696041751780
869696041751806
869696041751814
869696041752168
869696041752473
869696041753281
869696041755781
869696041759460
869696041759585
869696041759627
869696041759791
869696041767794
869696041767836
869696041769212
869696041780490
869696041780656
869696041780789
869696041780813
869696041780870
869696041781571
869696041781597
869696041781639
869696041781662
869696041781704
869696041781894
869696041781928
869696041781936
869696041782520
869696041782603
869696041782702
869696041782785
869696041782819
869696041783106
869696041793154
869696041794780
869696041794822
869696041800223
8923302050048792472
DOMOD2
DOMOD3
DUT-E_GSM_45002300770
Identifier
jahmai3tst
jahmaitst
kofi
KRANETEST
KSMA81601681
KSMA81602123
lllllll
NSOROMA2
PATH20
PATH6
PATH9